[{"id": 0, "img_name": "r_0", "width": 128, "height": 128, "position": [0.0, 2.737260103225707, 2.959291696548461], "rotation": [[-1.0000001192092896, 0.0, 0.0], [0.0, 0.7341099977493286, -0.6790307164192199], [0.0, -0.6790306568145752, -0.7341099977493284]], "fy": 177.77776499100293, "fx": 177.77776499100293}, {"id": 1, "img_name": "r_1", "width": 128, "height": 128, "position": [-0.1718739867210389, 2.731858730316163, 2.9592916965484615], "rotation": [[-0.9980267286300659, -0.04609514772891999, 0.0426366925239563], [-0.06279052048921585, 0.7326614260673522, -0.6776908040046692], [-3.7252898411761377e-09, -0.6790306568145753, -0.7341099977493286]], "fy": 177.77776499100293, "fx": 177.77776499100293}, {"id": 2, "img_name": "r_2", "width": 128, "height": 128, "position": [-0.3431337177753448, 2.7161829471588135, 2.958819150924682], "rotation": [[-0.9921148419380188, -0.09199368208646774, 0.08512099832296371], [-0.1253332495689392, 0.7282049655914306, -0.673802077770233], [2.0372389769829653e-17, -0.6791574358940126, -0.7339926958084106]], "fy": 177.77776499100293, "fx": 177.77776499100293}, {"id": 3, "img_name": "r_3", "width": 128, "height": 128, "position": [-0.5132942199707032, 2.6907823085784917, 2.9574005603790283], "rotation": [[-0.9822874069213867, -0.13747061789035797, 0.12733264267444608], [-0.18738135695457464, 0.7206460833549501, -0.6675010323524475], [1.4901161210577113e-08, -0.6795374751091006, -0.7336408495903014]], "fy": 177.77776499100293, "fx": 177.77776499100293}, {"id": 4, "img_name": "r_4", "width": 128, "height": 128, "position": [-0.6818711757659911, 2.6557128429412837, 2.955036401748657], "rotation": [[-0.9685833454132079, -0.18230323493480682, 0.1691514551639557], [-0.2486899644136428, 0.7100241184234618, -0.6588013768196107], [7.450581471192714e-09, -0.6801700592041015, -0.7330544590950012]], "fy": 177.77776499100293, "fx": 177.77776499100293}, {"id": 5, "img_name": "r_5", "width": 128, "height": 128, "position": [-0.8483804464340209, 2.6110463142395015, 2.9517261981964116], "rotation": [[-0.9510565996170043, -0.22627252340316775, 0.21045728027820587], [-0.3090170323848724, 0.6963951587677003, -0.6477208733558653], [1.4901161238983782e-08, -0.6810540556907655, -0.732233166694641]], "fy": 177.77776499100293, "fx": 177.77776499100293}, {"id": 6, "img_name": "r_6", "width": 128, "height": 128, "position": [-1.0123374462127686, 2.556872606277465, 2.9474692344665527], "rotation": [[-0.929776668548584, -0.2691642343997956, 0.25113001465797424], [-0.3681246042251587, 0.6798312664031985, -0.6342819929122925], [-8.117696421711237e-17, -0.6821876764297484, -0.7311770915985107]], "fy": 177.77776499100293, "fx": 177.77776499100293}, {"id": 7, "img_name": "r_7", "width": 128, "height": 128, "position": [-1.173257470130921, 2.4932990074157724, 2.942265510559082], "rotation": [[-0.9048272371292115, -0.31077039241790777, 0.29104939103126537], [-0.42577940225601213, 0.6604207158088685, -0.6185114383697511], [4.0516828415174393e-17, -0.683568596839905, -0.7298862934112549]], "fy": 177.77776499100293, "fx": 177.77776499100293}, {"id": 8, "img_name": "r_8", "width": 128, "height": 128, "position": [-1.3306550979614258, 2.420452356338501, 2.936114311218262], "rotation": [[-0.8763067722320556, -0.3508903086185455, 0.3300949037075043], [-0.4817537665367126, 0.6382669806480407, -0.6004403233528137], [1.49011629865818e-08, -0.6851943135261537, -0.7283602952957154]], "fy": 177.77776499100293, "fx": 177.77776499100293}, {"id": 9, "img_name": "r_9", "width": 128, "height": 128, "position": [-1.4840440750122068, 2.3384790420532235, 2.9290149211883554], "rotation": [[-0.8443281054496765, -0.38933134078979487, 0.3681460320949554], [-0.5358269214630127, 0.613487958908081, -0.5801052451133728], [4.033435568076765e-17, -0.6870616078376771, -0.726599156856537]], "fy": 177.77776499100293, "fx": 177.77776499100293}, {"id": 10, "img_name": "r_10", "width": 128, "height": 128, "position": [-1.632938265800476, 2.2475464344024654, 2.920967102050781], "rotation": [[-0.8090170621871948, -0.4259108901023864, 0.40508219599723805], [-0.5877854228019715, 0.5862159132957457, -0.5575476884841918], [1.490116287397389e-08, -0.6891667246818541, -0.7246028184890748]], "fy": 177.77776499100293, "fx": 177.77776499100293}, {"id": 11, "img_name": "r_11", "width": 128, "height": 128, "position": [-1.7768508195877066, 2.1478433609008785, 2.911970138549804], "rotation": [[-0.7705134153366089, -0.4604564905166626, 0.4407824873924254], [-0.6374241113662721, 0.5565962195396424, -0.5328144431114197], [1.4901164654221684e-08, -0.6915058493614197, -0.72237092256546]], "fy": 177.77776499100293, "fx": 177.77776499100293}, {"id": 12, "img_name": "r_12", "width": 128, "height": 128, "position": [-1.915296196937561, 2.0395827293396, 2.902023792266846], "rotation": [[-0.728968620300293, -0.49280792474746704, 0.47512656450271606], [-0.6845473051071168, 0.5247870087623596, -0.5059582591056824], [-1.4901164741039157e-08, -0.6940741539001466, -0.7199035286903381]], "fy": 177.77776499100293, "fx": 177.77776499100293}, {"id": 13, "img_name": "r_13", "width": 128, "height": 128, "position": [-2.047789812088013, 1.9230021238327024, 2.891127824783325], "rotation": [[-0.6845471262931823, -0.5228167772293091, 0.5079941749572755], [-0.7289687991142272, 0.4909575283527374, -0.47703817486763], [7.962525941474659e-17, -0.6968668103218079, -0.7172005772590636]], "fy": 177.77776499100293, "fx": 177.77776499100293}, {"id": 14, "img_name": "r_14", "width": 128, "height": 128, "position": [-2.17384934425354, 1.7983639240264895, 2.8792822360992436], "rotation": [[-0.6374239921569823, -0.5503484010696413, 0.5392656922340394], [-0.7705135345458984, 0.45528763532638555, -0.44611924886703497], [7.92990193811557e-17, -0.6998783946037292, -0.7142620682716371]], "fy": 177.77776499100293, "fx": 177.77776499100293}, {"id": 15, "img_name": "r_15", "width": 128, "height": 128, "position": [-2.292996406555176, 1.6659585237503047, 2.8664875030517587], "rotation": [[-0.5877851247787476, -0.5752823948860167, 0.56882244348526], [-0.8090173006057739, 0.4179669022560119, -0.41327351331710804], [7.894663382276321e-17, -0.7031030058860778, -0.7110880613327027]], "fy": 177.77776499100293, "fx": 177.77776499100293}, {"id": 16, "img_name": "r_16", "width": 128, "height": 128, "position": [-2.404757022857666, 1.5261046886444092, 2.8527438640594482], "rotation": [[-0.5358267426490784, -0.5975128412246705, 0.5965468287467957], [-0.8443281650543213, 0.3791930973529816, -0.37858003377914434], [-2.9802329612071745e-08, -0.7065344452857971, -0.7076786756515503]], "fy": 177.77776499100293, "fx": 177.77776499100293}, {"id": 17, "img_name": "r_17", "width": 128, "height": 128, "position": [-2.5086653232574467, 1.3791497945785525, 2.838052749633788], "rotation": [[-0.4817535281181336, -0.61694997549057, 0.6223232746124268], [-0.8763068914413452, 0.3391709327697754, -0.34212493896484375], [1.490116302832336e-08, -0.7101660370826719, -0.7040342092514038]], "fy": 177.77776499100293, "fx": 177.77776499100293}, {"id": 18, "img_name": "r_18", "width": 128, "height": 128, "position": [-2.6042633056640625, 1.2254726886749265, 2.8224155902862553], "rotation": [[-0.42577910423278814, -0.6335194110870364, 0.6460382938385011], [-0.9048272371292114, 0.2981114089488983, -0.30400237441062916], [1.4901161182790276e-08, -0.7139907479286194, -0.7001551985740663]], "fy": 177.77776499100293, "fx": 177.77776499100293}, {"id": 19, "img_name": "r_19", "width": 128, "height": 128, "position": [-2.6911044120788574, 1.0654827356338499, 2.8058338165283203], "rotation": [[-0.3681243360042571, -0.6471632719039917, 0.6675809025764465], [-0.9297767877578734, 0.25622984766960144, -0.2643137574195861], [7.411638007444357e-17, -0.718001365661621, -0.6960417628288268]], "fy": 177.77776499100293, "fx": 177.77776499100293}, {"id": 20, "img_name": "r_20", "width": 128, "height": 128, "position": [-2.768754482269287, 0.8996220827102659, 2.788311004638672], "rotation": [[-0.30901679396629333, -0.6578409075736998, 0.686843514442444], [-0.9510567784309386, 0.2137452811002731, -0.22316880524158475], [5.719121866163852e-17, -0.7221899032592772, -0.6916948556900026]], "fy": 177.77776499100293, "fx": 177.77776499100293}, {"id": 21, "img_name": "r_21", "width": 128, "height": 128, "position": [-2.8367969989776616, 0.7283647656440735, 2.76984977722168], "rotation": [[-0.2486896514892578, -0.6655283570289611, 0.7037227749824523], [-0.968583345413208, 0.17087842524051666, -0.18068507313728333], [0.0, -0.7265486121177673, -0.6871151924133302]], "fy": 177.77776499100293, "fx": 177.77776499100293}, {"id": 22, "img_name": "r_22", "width": 128, "height": 128, "position": [-2.894832611083984, 0.5522178411483764, 2.7504544258117676], "rotation": [[-0.1873810142278671, -0.6702184677124023, 0.7181196212768554], [-0.9822874069213866, 0.1278507709503174, -0.1369884014129639], [7.450581485884256e-09, -0.731068730354309, -0.6823038458824158]], "fy": 177.77776499100293, "fx": 177.77776499100293}, {"id": 23, "img_name": "r_23", "width": 128, "height": 128, "position": [-2.9424843788146973, 0.3717211782932282, 2.730129718780517], "rotation": [[-0.12533292174339294, -0.67192143201828, 0.7299405336380006], [-0.9921149611473083, 0.0848831832408905, -0.09221267700195314], [-3.725291187591126e-09, -0.7357420921325684, -0.6772618293762207]], "fy": 177.77776499100293, "fx": 177.77776499100293}, {"id": 24, "img_name": "r_24", "width": 128, "height": 128, "position": [-2.979399681091309, 0.18744681775569916, 2.7088818550109868], "rotation": [[-0.0627901554107666, -0.6706648468971254, 0.7390981316566468], [-0.9980268478393556, 0.04219440743327142, -0.046499837189912796], [-1.8626453664617285e-09, -0.7405593395233154, -0.6719909310340882]], "fy": 177.77776499100293, "fx": 177.77776499100293}, {"id": 25, "img_name": "r_25", "width": 128, "height": 128, "position": [-3.0052540302276616, -1.2061262850693308e-06, 2.6867170333862305], "rotation": [[4.01339264044509e-07, -0.6664924621582029, 0.7455118298530583], [-1.0000001192092893, -2.674895540621946e-07, 2.992031227222469e-07], [0.0, -0.745511770248413, -0.6664925217628478]], "fy": 177.77776499100293, "fx": 177.77776499100293}, {"id": 26, "img_name": "r_26", "width": 128, "height": 128, "position": [-3.0197529792785645, -0.18998804688453674, 2.6636435985565186], "rotation": [[0.06279096007347107, -0.6594647169113159, 0.7491084933280946], [-0.9980269074440004, -0.041490286588668816, 0.04713023453950881], [0.0, -0.7505896687507629, -0.6607686281204225]], "fy": 177.77776499100293, "fx": 177.77776499100293}, {"id": 27, "img_name": "r_27", "width": 128, "height": 128, "position": [-3.0226366519927983, -0.3818492293357849, 2.639669895172119], "rotation": [[0.12533371150493625, -0.6496580839157103, 0.7498238682746887], [-0.992114782333374, -0.08207120746374129, 0.09472513198852538], [-1.0405898920720793e-17, -0.7557835578918456, -0.654821515083313]], "fy": 177.77776499100293, "fx": 177.77776499100293}, {"id": 28, "img_name": "r_28", "width": 128, "height": 128, "position": [-3.0136830806732173, -0.5748922824859621, 2.614806652069091], "rotation": [[0.18738178908824918, -0.6371641755104064, 0.7476028203964236], [-0.9822872877120972, -0.1215458735823631, 0.1426132321357727], [0.0, -0.7610836625099181, -0.648653745651245]], "fy": 177.77776499100293, "fx": 177.77776499100293}, {"id": 29, "img_name": "r_29", "width": 128, "height": 128, "position": [-2.9927091598510747, -0.7683987617492674, 2.5890643596649174], "rotation": [[0.2486904263496398, -0.6220898032188414, 0.74239981174469], [-0.9685832262039182, -0.1597258448600769, 0.19061629474163055], [-7.450582394448324e-09, -0.766480267047882, -0.6422678828239441]], "fy": 177.77776499100293, "fx": 177.77776499100293}, {"id": 30, "img_name": "r_30", "width": 128, "height": 128, "position": [-2.9595763683319096, -0.9616263508796689, 2.5624563694000244], "rotation": [[0.3090175092220307, -0.6045553088188172, 0.7341805696487428], [-0.9510563611984253, -0.1964322924613953, 0.23855017125606534], [2.0377603737528887e-17, -0.7719632387161256, -0.6356672644615173]], "fy": 177.77776499100293, "fx": 177.77776499100293}, {"id": 31, "img_name": "r_31", "width": 128, "height": 128, "position": [-2.9141917228698735, -1.153812050819397, 2.5349960327148433], "rotation": [[0.3681251108646393, -0.5846945643424987, 0.7229220271110537], [-0.9297764301300049, -0.23149736225605008, 0.28622555732727045], [1.4901162991746066e-08, -0.7775224447250366, -0.6288551688194274]], "fy": 177.77776499100293, "fx": 177.77776499100293}, {"id": 32, "img_name": "r_32", "width": 128, "height": 128, "position": [-2.8565111160278316, -1.3441742658615115, 2.5066988468170166], "rotation": [[0.4257799386978149, -0.5626534223556517, 0.7086132168769835], [-0.9048269987106322, -0.2647650241851807, 0.3334486186504364], [-1.4901164787859273e-08, -0.7831478714942933, -0.6218355298042298]], "fy": 177.77776499100293, "fx": 177.77776499100293}, {"id": 33, "img_name": "r_33", "width": 128, "height": 128, "position": [-2.786542892456054, -1.5319170951843264, 2.477581262588501], "rotation": [[0.48175424337387074, -0.5385887622833252, 0.6912562847137449], [-0.8763065934181212, -0.29609206318855275, 0.3800218999385833], [-1.4901162932602053e-08, -0.7888293862342833, -0.6146123409271241]], "fy": 177.77776499100293, "fx": 177.77776499100293}, {"id": 34, "img_name": "r_34", "width": 128, "height": 128, "position": [-2.7043471336364746, -1.7162333726882941, 2.4476618766784664], "rotation": [[0.5358274579048156, -0.5126674771308898, 0.6708660125732421], [-0.8443278074264527, -0.32534912228584284, 0.42574515938758856], [-1.490116478880412e-08, -0.7945564985275267, -0.6071902513504028]], "fy": 177.77776499100293, "fx": 177.77776499100293}, {"id": 35, "img_name": "r_35", "width": 128, "height": 128, "position": [-2.6100413799285898, -1.8963086605072024, 2.4169602394104], "rotation": [[0.5877858996391297, -0.4850653409957885, 0.6474716067314148], [-0.8090168237686157, -0.35242110490798945, 0.4704163372516632], [1.490116477830781e-08, -0.8003191947937011, -0.599574089050293]], "fy": 177.77776499100293, "fx": 177.77776499100293}, {"id": 36, "img_name": "r_36", "width": 128, "height": 128, "position": [-2.503799200057983, -2.0713260173797603, 2.3854973316192623], "rotation": [[0.6374247074127198, -0.4559656083583833, 0.6211161613464359], [-0.7705129384994506, -0.3772081732749939, 0.5138328075408936], [-8.949591302011327e-17, -0.8061075210571289, -0.5917690992355346]], "fy": 177.77776499100293, "fx": 177.77776499100293}, {"id": 37, "img_name": "r_37", "width": 128, "height": 128, "position": [-2.385853528976442, -2.2404687404632573, 2.3532960414886475], "rotation": [[0.6845476627349855, -0.4255577623844146, 0.5918574929237362], [-0.7289682626724244, -0.39962583780288685, 0.5557919144630432], [-1.490116474114992e-08, -0.8119112253189086, -0.5837809443473816]], "fy": 177.77776499100293, "fx": 177.77776499100293}, {"id": 38, "img_name": "r_38", "width": 128, "height": 128, "position": [-2.256495714187622, -2.4029273986816406, 2.3203806877136226], "rotation": [[0.7289692163467407, -0.39403566718101496, 0.5597677230834961], [-0.6845465898513794, -0.41960602998733504, 0.5960929989814758], [1.4901164756564424e-08, -0.817720353603363, -0.5756156444549559]], "fy": 177.77776499100293, "fx": 177.77776499100293}, {"id": 39, "img_name": "r_39", "width": 128, "height": 128, "position": [-2.1160778999328613, -2.5579028129577632, 2.2867767810821533], "rotation": [[0.7705138325691225, -0.3615972399711609, 0.5249343514442444], [-0.6374234557151794, -0.43709668517112726, 0.634537637233734], [-4.571483800190252e-17, -0.8235253095626831, -0.5672795772552489]], "fy": 177.77776499100293, "fx": 177.77776499100293}, {"id": 40, "img_name": "r_40", "width": 128, "height": 128, "position": [-1.965011596679687, -2.70461082458496, 2.252511978149414], "rotation": [[0.809017539024353, -0.3284419775009155, 0.487459421157837], [-0.5877847075462342, -0.452062338590622, 0.6709313988685608], [0.0, -0.8293163180351257, -0.5587794780731201]], "fy": 177.77776499100293, "fx": 177.77776499100293}, {"id": 41, "img_name": "r_41", "width": 128, "height": 128, "position": [-1.8037680387496953, -2.842288732528686, 2.217614650726318], "rotation": [[0.8443284630775452, -0.29477006196975714, 0.44745984673500067], [-0.5358262062072754, -0.46448409557342524, 0.7050850987434388], [4.635647207689255e-17, -0.8350839614868164, -0.5501225590705872]], "fy": 177.77776499100293, "fx": 177.77776499100293}, {"id": 42, "img_name": "r_42", "width": 128, "height": 128, "position": [-1.6328773498535158, -2.9701988697051993, 2.1821160316467285], "rotation": [[0.8763071894645691, -0.2607807517051696, 0.4050670564174652], [-0.4817529916763306, -0.474359393119812, 0.7368156909942628], [0.0, -0.8408190011978149, -0.5413163900375366]], "fy": 177.77776499100293, "fx": 177.77776499100293}, {"id": 43, "img_name": "r_43", "width": 128, "height": 128, "position": [-1.4529269933700564, -3.087634086608887, 2.1460473537445077], "rotation": [[0.9048276543617247, -0.2266711741685868, 0.3604268431663514], [-0.42577856779098505, -0.48170191049575817, 0.7659478783607483], [1.4901164771700694e-08, -0.8465124368667605, -0.5323688983917236]], "fy": 177.77776499100293, "fx": 177.77776499100293}, {"id": 44, "img_name": "r_44", "width": 128, "height": 128, "position": [-1.2645601034164433, -3.1939225196838383, 2.109442234039307], "rotation": [[0.9297770261764526, -0.19263479113578802, 0.31369876861572277], [-0.36812376976013195, -0.48654127120971685, 0.7923147678375244], [1.4901164763384405e-08, -0.8521557450294495, -0.5232882499694824]], "fy": 177.77776499100293, "fx": 177.77776499100293}, {"id": 45, "img_name": "r_45", "width": 128, "height": 128, "position": [-1.0684733390808105, -3.2884328365325937, 2.072335720062256], "rotation": [[0.951056957244873, -0.15885999798774722, 0.2650556266307831], [-0.30901616811752314, -0.48892232775688177, 0.8157598972320556], [2.3807076938082564e-17, -0.8577403426170349, -0.5140832662582397]], "fy": 177.77776499100293, "fx": 177.77776499100293}, {"id": 46, "img_name": "r_46", "width": 128, "height": 128, "position": [-0.8654139637947084, -3.370578050613403, 2.0347635746002193], "rotation": [[0.9685835242271423, -0.12552893161773684, 0.21468277275562292], [-0.24868899583816528, -0.48890483379364014, 0.8361374735832214], [-4.792045885699352e-17, -0.8632582426071168, -0.5047627091407775]], "fy": 177.77776499100293, "fx": 177.77776499100293}, {"id": 47, "img_name": "r_47", "width": 128, "height": 128, "position": [-0.6561774611473081, -3.4398207664489746, 1.9967634677886963], "rotation": [[0.9822875261306762, -0.09281624853610991, 0.16277760267257688], [-0.18738037347793576, -0.4865623712539672, 0.8533146381378174], [-1.2055653674967335e-17, -0.8687013983726503, -0.49533611536025995]], "fy": 177.77776499100293, "fx": 177.77776499100293}, {"id": 48, "img_name": "r_48", "width": 128, "height": 128, "position": [-0.44160315394401545, -3.4956769943237305, 1.9583741426467889], "rotation": [[0.9921149611473083, -0.06088800728321074, 0.10954825580120085], [-0.1253322511911392, -0.4819820821285247, 0.8671707510948181], [-6.0650296991235455e-18, -0.8740628957748413, -0.4858128130435943]], "fy": 177.77776499100293, "fx": 177.77776499100293}, {"id": 49, "img_name": "r_49", "width": 128, "height": 128, "position": [-0.2225708365440369, -3.5377197265625013, 1.919635772705078], "rotation": [[0.9980268478393555, -0.02990054897964001, 0.05521303415298463], [-0.06278950721025467, -0.47526335716247553, 0.8776003718376161], [3.050807328422923e-18, -0.8793353438377379, -0.4762030839920044]], "fy": 177.77776499100293, "fx": 177.77776499100293}, {"id": 50, "img_name": "r_50", "width": 128, "height": 128, "position": [3.7121180866961376e-06, -3.5655829906463623, 1.8805897235870361], "rotation": [[1.0000001192092896, 4.856893269788999e-07, -9.208632718582523e-07], [1.0410972208774185e-06, -0.4665168225765228, 0.8845123648643495], [2.8421716305920727e-14, -0.884512186050415, -0.4665169417858123]], "fy": 177.77776499100293, "fx": 177.77776499100293}, {"id": 51, "img_name": "r_51", "width": 128, "height": 128, "position": [0.22517324984073644, -3.578965425491333, 1.8412775993347168], "rotation": [[0.9980267882347107, 0.02868098206818105, -0.05585861578583718], [0.06279159337282181, -0.4558634161949158, 0.8878321647644043], [0.0, -0.8895875811576843, -0.456764817237854]], "fy": 177.77776499100293, "fx": 177.77776499100293}, {"id": 52, "img_name": "r_52", "width": 128, "height": 128, "position": [0.45196399092674266, -3.577631950378418, 1.8017430305480953], "rotation": [[0.9921146035194398, 0.05601910874247551, -0.11211848258972168], [0.12533432245254517, -0.44343301653862, 0.8875013589859009], [-3.7252902942362412e-09, -0.8945552706718445, -0.44695749878883356]], "fy": 177.77776499100293, "fx": 177.77776499100293}, {"id": 53, "img_name": "r_53", "width": 128, "height": 128, "position": [0.6793807744979858, -3.5614171028137207, 1.7620300054550173], "rotation": [[0.9822871685028076, 0.08190595358610152, -0.1685336232185364], [0.18738242983818054, -0.42936345934867853, 0.8834788203239442], [-1.2481821262457715e-17, -0.8994100093841552, -0.43710583448410034]], "fy": 177.77776499100293, "fx": 177.77776499100293}, {"id": 54, "img_name": "r_54", "width": 128, "height": 128, "position": [0.9064124822616579, -3.530226707458496, 1.7221834659576414], "rotation": [[0.9685829877853395, 0.10624605417251587, -0.22485329210758212], [0.24869102239608765, -0.4137990474700928, 0.8757415413856507], [7.450581475640089e-09, -0.9041470885276794, -0.4272211790084839]], "fy": 177.77776499100293, "fx": 177.77776499100293}, {"id": 55, "img_name": "r_55", "width": 128, "height": 128, "position": [1.1320374011993408, -3.4840393066406246, 1.6822491884231567], "rotation": [[0.9510563611984253, 0.1289577633142472, -0.28082394599914556], [0.3090181350708008, -0.396889626979828, 0.8642838597297667], [0.0, -0.9087619781494142, -0.4173147082328797]], "fy": 177.77776499100293, "fx": 177.77776499100293}, {"id": 56, "img_name": "r_56", "width": 128, "height": 128, "position": [1.3552293777465823, -3.4229068756103516, 1.642273187637329], "rotation": [[0.9297761917114259, 0.14997360110282898, -0.3361910283565522], [0.36812570691108704, -0.37878876924514765, 0.8491186499595642], [-2.5347800090636084e-17, -0.913250744342804, -0.4073978364467621]], "fy": 177.77776499100293, "fx": 177.77776499100293}, {"id": 57, "img_name": "r_57", "width": 128, "height": 128, "position": [1.5749630928039544, -3.3469564914703365, 1.6023026704788208], "rotation": [[0.9048267006874083, 0.16924019157886505, -0.39070031046867365], [0.4257804751396179, -0.359652578830719, 0.8302778005599976], [0.0, -0.9176098108291627, -0.39748242497444153]], "fy": 177.77776499100293, "fx": 177.77776499100293}, {"id": 58, "img_name": "r_58", "width": 128, "height": 128, "position": [1.790220022201538, -3.2563886642456064, 1.562384605407715], "rotation": [[0.8763062953948975, 0.18671846389770508, -0.4440989792346955], [0.4817548096179961, -0.339638650417328, 0.8078107237815858], [2.558609262713914e-17, -0.9218361377716066, -0.3875799775123596]], "fy": 177.77776499100293, "fx": 177.77776499100293}, {"id": 59, "img_name": "r_59", "width": 128, "height": 128, "position": [1.9999942779541018, -3.151477813720703, 1.5225665569305422], "rotation": [[0.8443273901939392, 0.20238344371318814, -0.49613755941390997], [0.5358279943466187, -0.3189043700695038, 0.7817854881286621], [0.0, -0.9259270429611206, -0.3777023255825043]], "fy": 177.77776499100293, "fx": 177.77776499100293}, {"id": 60, "img_name": "r_60", "width": 128, "height": 128, "position": [2.2032985687255864, -3.032572031021118, 1.4828966856002803], "rotation": [[0.8090164065361023, 0.21622391045093536, -0.5465711355209352], [0.587786376476288, -0.29760587215423573, 0.7522886395454403], [5.161874697977115e-17, -0.929880678653717, -0.36786141991615284]], "fy": 177.77776499100293, "fx": 177.77776499100293}, {"id": 61, "img_name": "r_61", "width": 128, "height": 128, "position": [2.399169206619263, -2.9000895023345956, 1.4434226751327517], "rotation": [[0.7705125808715819, 0.22824218869209298, -0.5951606631278992], [0.6374251246452332, -0.27589666843414307, 0.7194237112998962], [-5.183048867297248e-17, -0.9336950778961183, -0.358069121837616]], "fy": 177.77776499100293, "fx": 177.77776499100293}, {"id": 62, "img_name": "r_62", "width": 128, "height": 128, "position": [2.5866718292236324, -2.754518270492554, 1.4041924476623533], "rotation": [[0.7289678454399109, 0.23845365643501282, -0.6416744589805602], [0.6845481991767882, -0.25392666459083557, 0.6833119988441468], [5.2034448250970904e-17, -0.9373692870140077, -0.3483373522758484]], "fy": 177.77776499100293, "fx": 177.77776499100293}, {"id": 63, "img_name": "r_63", "width": 128, "height": 128, "position": [2.7649075984954834, -2.596414089202881, 1.3652542829513552], "rotation": [[0.6845462322235109, 0.24688589572906489, -0.6858891248703001], [0.7289696335792543, -0.23184068500995636, 0.6440910696983339], [-1.4901162947807535e-08, -0.9409024119377137, -0.3386779129505158]], "fy": 177.77776499100293, "fx": 177.77776499100293}, {"id": 64, "img_name": "r_64", "width": 128, "height": 128, "position": [2.933016300201415, -2.4263963699340825, 1.326655626296997], "rotation": [[0.6374230980873107, 0.2535783052444458, -0.7275918722152709], [0.7705141305923462, -0.20977771282196042, 0.6019148826599122], [-1.490116295306095e-08, -0.9442941546440123, -0.3291027843952179]], "fy": 177.77776499100293, "fx": 177.77776499100293}, {"id": 65, "img_name": "r_65", "width": 128, "height": 128, "position": [3.090183973312377, -2.2451446056365967, 1.2884440422058105], "rotation": [[0.5877844095230101, 0.2585811913013458, -0.7665804028511048], [0.8090177774429321, -0.18786977231502533, 0.5569518804550171], [-2.127688175933277e-17, -0.9475446343421936, -0.3196236491203308]], "fy": 177.77776499100293, "fx": 177.77776499100293}, {"id": 66, "img_name": "r_66", "width": 128, "height": 128, "position": [3.2356443405151367, -2.053396701812744, 1.250666618347168], "rotation": [[0.5358258485794068, 0.2619548439979554, -0.8026646971702577], [0.844328761100769, -0.16624113917350766, 0.5093851089477539], [-2.2278423297413466e-17, -0.9506543278694153, -0.31025221943855286]], "fy": 177.77776499100293, "fx": 177.77776499100293}, {"id": 67, "img_name": "r_67", "width": 128, "height": 128, "position": [3.3686842918396005, -1.8519444465637207, 1.2133702039718628], "rotation": [[0.48175266385078425, 0.2637685835361481, -0.8356678485870364], [0.876307487487793, -0.14500756561756134, 0.4594109356403351], [1.490116472433861e-08, -0.9536240696907045, -0.30100011825561523]], "fy": 177.77776499100293, "fx": 177.77776499100293}, {"id": 68, "img_name": "r_68", "width": 128, "height": 128, "position": [3.4886484146118164, -1.64162802696228, 1.1766008138656616], "rotation": [[0.42577826976776123, 0.264099955558777, -0.8654272556304932], [0.9048277139663696, -0.12427560240030289, 0.4072378575801848], [7.450582372894976e-09, -0.9564552903175356, -0.2918787598609925]], "fy": 177.77776499100293, "fx": 177.77776499100293}, {"id": 69, "img_name": "r_69", "width": 128, "height": 128, "position": [3.59494137763977, -1.4233325719833374, 1.140403747558594], "rotation": [[0.3681234121322632, 0.26303330063819885, -0.8917953968048097], [0.9297771453857422, -0.10414185374975207, 0.3530854284763337], [0.0, -0.9591495990753174, -0.282899409532547]], "fy": 177.77776499100293, "fx": 177.77776499100293}, {"id": 70, "img_name": "r_70", "width": 128, "height": 128, "position": [3.687031030654906, -1.1979837417602544, 1.1048241853713987], "rotation": [[0.30901575088500977, 0.2606591582298279, -0.9146398305892944], [0.9510569572448732, -0.08469292521476748, 0.2971831858158112], [0.0, -0.961708903312683, -0.27407315373420715]], "fy": 177.77776499100293, "fx": 177.77776499100293}, {"id": 71, "img_name": "r_71", "width": 128, "height": 128, "position": [3.76445198059082, -0.9665415883064271, 1.0699057579040527], "rotation": [[0.24868859350681305, 0.25707268714904785, -0.9338456988334656], [0.9685835242271424, -0.06600468605756762, 0.2397694885730744], [-3.7252902970817363e-09, -0.9641354084014893, -0.26541098952293396]], "fy": 177.77776499100293, "fx": 177.77776499100293}, {"id": 72, "img_name": "r_72", "width": 128, "height": 128, "position": [3.8268063068389893, -0.7299969792366028, 1.0356919765472412], "rotation": [[0.18738001585006717, 0.2523728013038635, -0.9493139386177062], [0.9822876453399659, -0.04814233630895614, 0.18108998239040375], [-3.725290742421608e-09, -0.9664317369461058, -0.25692358613014216]], "fy": 177.77776499100293, "fx": 177.77776499100293}, {"id": 73, "img_name": "r_73", "width": 128, "height": 128, "position": [3.8737666606903085, -0.48936504125595087, 1.0022244453430174], "rotation": [[0.1253318786621094, 0.24666085839271545, -0.9609633684158325], [0.9921150803565979, -0.03116016276180745, 0.121396541595459], [-6.668022743369411e-18, -0.9686006903648376, -0.2486213147640228]], "fy": 177.77776499100293, "fx": 177.77776499100293}, {"id": 74, "img_name": "r_74", "width": 128, "height": 128, "position": [3.905076742172241, -0.24568103253841392, 0.9695447683334352], "rotation": [[0.06278910487890244, 0.24003985524177548, -0.9687303900718688], [0.9980268478393555, -0.01510168612003326, 0.06094596907496451], [-9.313226845550123e-10, -0.9706454873085023, -0.24051448702812195]], "fy": 177.77776499100293, "fx": 177.77776499100293}, {"id": 75, "img_name": "r_75", "width": 128, "height": 128, "position": [3.920552492141723, 5.65514710615389e-06, 0.9376928806304932], "rotation": [[-1.4424365417653462e-06, 0.2326129674911499, -0.9725693464279175], [1.0000001192092896, 3.3552936429259717e-07, -1.4028693158252281e-06], [-2.842171622180033e-14, -0.9725692868232726, -0.2326129674911499]], "fy": 177.77776499100293, "fx": 177.77776499100293}, {"id": 76, "img_name": "r_76", "width": 128, "height": 128, "position": [3.9200830459594718, 0.24663649499416343, 0.9067077636718749], "rotation": [[-0.06279199570417406, 0.2244826704263687, -0.9724528789520264], [0.9980268478393555, 0.014123584143817421, -0.061182983219623545], [9.313227981627439e-10, -0.9743757247924804, -0.2249265164136886]], "fy": 177.77776499100293, "fx": 177.77776499100293}, {"id": 77, "img_name": "r_77", "width": 128, "height": 128, "position": [3.903630256652832, 0.49314910173416143, 0.8766271471977233], "rotation": [[-0.1253347396850586, 0.21574962139129636, -0.9683715701103212], [0.9921146631240845, 0.027255844324827194, -0.122335247695446], [1.862645596196425e-09, -0.9760681986808777, -0.2174644619226455]], "fy": 177.77776499100293, "fx": 177.77776499100293}, {"id": 78, "img_name": "r_78", "width": 128, "height": 128, "position": [3.871228218078613, 0.7384824156761169, 0.8474875688552856], "rotation": [[-0.18738283216953278, 0.20651188492774963, -0.9603336453437807], [0.9822871088981628, 0.039394576102495193, -0.18319495022296906], [0.0, -0.9776507616043091, -0.21023581922054294]], "fy": 177.77776499100293, "fx": 177.77776499100293}, {"id": 79, "img_name": "r_79", "width": 128, "height": 128, "position": [3.8229837417602535, 0.9815817475318911, 0.8193241357803348], "rotation": [[-0.2486914098262787, 0.1968637853860855, -0.9483656287193298], [0.968582808971405, 0.05054635927081109, -0.24350048601627353], [3.72529073327169e-09, -0.9791269898414613, -0.20324933528900155]], "fy": 177.77776499100293, "fx": 177.77776499100293}, {"id": 80, "img_name": "r_80", "width": 128, "height": 128, "position": [3.759073972702026, 1.2214037179946897, 0.7921710014343262], "rotation": [[-0.3090185523033142, 0.1868952959775925, -0.9325114488601685], [0.951056182384491, 0.060726288706064245, -0.3029929697513581], [0.0, -0.9805011153221131, -0.19651342928409576]], "fy": 177.77776499100293, "fx": 177.77776499100293}, {"id": 81, "img_name": "r_81", "width": 128, "height": 128, "position": [3.6797461509704594, 1.456921339035034, 0.7660605311393737], "rotation": [[-0.3681260943412781, 0.17669110000133514, -0.9128326773643495], [0.9297760725021362, 0.06995727866888046, -0.3614177107810974], [1.2668100319203901e-17, -0.9817770719528198, -0.19003622233867642]], "fy": 177.77776499100293, "fx": 177.77776499100293}, {"id": 82, "img_name": "r_82", "width": 128, "height": 128, "position": [3.585314750671386, 1.687128186225891, 0.7410240173339844], "rotation": [[-0.42578080296516424, 0.16633009910583496, -0.8894072175025941], [0.9048264026641846, 0.07826934009790419, -0.4185250401496887], [7.4505814931276e-09, -0.9829588532447814, -0.1838254481554031]], "fy": 177.77776499100293, "fx": 177.77776499100293}, {"id": 83, "img_name": "r_83", "width": 128, "height": 128, "position": [3.4761607646942143, 1.9110430479049687, 0.7170910835266117], "rotation": [[-0.48175519704818726, 0.1558846682310105, -0.8623294234275816], [0.8763060569763184, 0.08569864928722384, -0.47407147288322454], [-7.450581472405186e-09, -0.9840506315231325, -0.17788842320442208]], "fy": 177.77776499100293, "fx": 177.77776499100293}, {"id": 84, "img_name": "r_84", "width": 128, "height": 128, "position": [3.352729082107543, 2.127714633941651, 0.6942901611328126], "rotation": [[-0.5358282327651978, 0.1454202979803085, -0.8317096829414364], [0.8443269729614259, 0.09228686988353732, -0.5278210043907167], [-7.450580601975662e-09, -0.9850563406944276, -0.17223219573497775]], "fy": 177.77776499100293, "fx": 177.77776499100293}, {"id": 85, "img_name": "r_85", "width": 128, "height": 128, "position": [3.215524911880493, 2.33622407913208, 0.6726480722427367], "rotation": [[-0.5877867341041567, 0.1349952071905136, -0.797673761844635], [0.8090161681175233, 0.09808011353015898, -0.5795459747314453], [1.1069946912251353e-17, -0.9859799742698668, -0.1668634861707687]], "fy": 177.77776499100293, "fx": 177.77776499100293}, {"id": 86, "img_name": "r_86", "width": 128, "height": 128, "position": [3.065113306045533, 2.535691022872925, 0.652190089225769], "rotation": [[-0.637425422668457, 0.12465994805097586, -0.7603611350059508], [0.7705123424530029, 0.10312803834676741, -0.6290276050567627], [-7.450582349072049e-09, -0.9868254065513612, -0.16178846359252932]], "fy": 177.77776499100293, "fx": 177.77776499100293}, {"id": 87, "img_name": "r_87", "width": 128, "height": 128, "position": [2.902113199234011, 2.72527527809143, 0.6329401135444642], "rotation": [[-0.6845484375953674, 0.11445745825767518, -0.7199256420135499], [0.7289674282073975, 0.10748308897018435, -0.6760575771331787], [-9.990975954099471e-18, -0.9875965118408205, -0.15701311826705935]], "fy": 177.77776499100293, "fx": 177.77776499100293}, {"id": 88, "img_name": "r_88", "width": 128, "height": 128, "position": [2.727197647094726, 2.904180765151977, 0.6149204969406128], "rotation": [[-0.7289698719978334, 0.1044226810336113, -0.6765345335006714], [0.6845458745956422, 0.11119923740625377, -0.7204385995864867], [-7.450581486582719e-09, -0.9882968068122864, -0.15254300832748413]], "fy": 177.77776499100293, "fx": 177.77776499100293}, {"id": 89, "img_name": "r_89", "width": 128, "height": 128, "position": [2.5410878658294673, 3.0716586112976074, 0.5981520414352417], "rotation": [[-0.7705145478248595, 0.09458284825086594, -0.6303663849830627], [0.6374227404594419, 0.11433143168687822, -0.7619848251342775], [7.450582351873602e-09, -0.9889299273490905, -0.14838327467441556]], "fy": 177.77776499100293, "fx": 177.77776499100293}, {"id": 90, "img_name": "r_90", "width": 128, "height": 128, "position": [2.344551086425781, 3.2270100116729727, 0.5826539993286134], "rotation": [[-0.8090181946754456, 0.08495748788118362, -0.5816116929054259], [0.5877838730812072, 0.11693438887596132, -0.8005228638648986], [-7.450581482531094e-09, -0.989499092102051, -0.14453870058059692]], "fy": 177.77776499100293, "fx": 177.77776499100293}, {"id": 91, "img_name": "r_91", "width": 128, "height": 128, "position": [2.138397455215454, 3.3695886135101323, 0.5684441328048705], "rotation": [[-0.8443290591239928, 0.07555867731571198, -0.53047114610672], [0.5358253121376039, 0.11906189471483232, -0.8358921408653259], [1.373911676838423e-17, -0.9900076985359192, -0.14101365208625793]], "fy": 177.77776499100293, "fx": 177.77776499100293}, {"id": 92, "img_name": "r_92", "width": 128, "height": 128, "position": [1.9234746694564817, 3.4988029003143306, 0.555538773536682], "rotation": [[-0.8763077259063722, 0.06639131903648376, -0.47715538740158076], [0.48175212740898116, 0.12076588720083238, -0.8679462671279906], [-3.725291170900314e-09, -0.9904583692550659, -0.13781222701072693]], "fy": 177.77776499100293, "fx": 177.77776499100293}, {"id": 93, "img_name": "r_93", "width": 128, "height": 128, "position": [1.7006664276123045, 3.6141180992126456, 0.543952465057373], "rotation": [[-0.9048280119895935, 0.05745357647538185, -0.4218834042549134], [0.4257776439189911, 0.1220956668257713, -0.8965523242950441], [0.0, -0.9908540248870851, -0.13493800163269046]], "fy": 177.77776499100293, "fx": 177.77776499100293}, {"id": 94, "img_name": "r_94", "width": 128, "height": 128, "position": [1.4708871841430662, 3.7150580883026123, 0.5336983799934387], "rotation": [[-0.9297773241996766, 0.048737339675426476, -0.364882230758667], [0.3681227564811707, 0.12309717386960982, -0.9215925931930542], [0.0, -0.9911970496177672, -0.13239428400993344]], "fy": 177.77776499100293, "fx": 177.77776499100293}, {"id": 95, "img_name": "r_95", "width": 128, "height": 128, "position": [1.2350789308547974, 3.8012073040008536, 0.5247880816459656], "rotation": [[-0.9510573148727417, 0.04022879898548128, -0.3063853681087494], [0.309015154838562, 0.12381233274936675, -0.9429634809494017], [6.879842720747987e-18, -0.9914898276329042, -0.13018390536308289]], "fy": 177.77776499100293, "fx": 177.77776499100293}, {"id": 96, "img_name": "r_96", "width": 128, "height": 128, "position": [0.9942068457603458, 3.872211694717408, 0.5172316431999207], "rotation": [[-0.9685837030410767, 0.031909000128507614, -0.24663239717483526], [0.24868799746036524, 0.12427837401628491, -0.9605776071548463], [3.725290745265213e-09, -0.9917341470718383, -0.12830939888954163]], "fy": 177.77776499100293, "fx": 177.77776499100293}, {"id": 97, "img_name": "r_97", "width": 128, "height": 128, "position": [0.7492559552192689, 3.927780151367188, 0.5110374689102174], "rotation": [[-0.9822878241539001, 0.023754602298140533, -0.1858675330877304], [0.18737936019897458, 0.12452735006809233, -0.9743624329566957], [0.0, -0.9919318556785583, -0.12677280604839325]], "fy": 177.77776499100293, "fx": 177.77776499100293}, {"id": 98, "img_name": "r_98", "width": 128, "height": 128, "position": [0.5012269616127015, 3.9676845073699956, 0.5062126517295837], "rotation": [[-0.9921150803565979, 0.015738580375909805, -0.12433911859989168], [0.12533123791217807, 0.12458572536706922, -0.9842615127563477], [0.0, -0.9920840263366699, -0.12557591497898102]], "fy": 177.77776499100293, "fx": 177.77776499100293}, {"id": 99, "img_name": "r_99", "width": 128, "height": 128, "position": [0.2511321008205413, 3.9917616844177246, 0.5027624368667603], "rotation": [[-0.9980270266532898, 0.007830976508557793, -0.0622982196509838], [0.0627884715795517, 0.12447391450405121, -0.9902344346046448], [4.656613440355033e-10, -0.9921919703483582, -0.12472003698348999]], "fy": 177.77776499100293, "fx": 177.77776499100293}, {"id": 100, "img_name": "r_100", "width": 128, "height": 128, "position": [-8.32859677757369e-06, 3.9999136924743643, 0.5006908178329468], "rotation": [[-1.0000001192092896, -2.586212133337539e-07, 2.0660706923081303e-06], [-2.082194441754837e-06, 0.12420611083507536, -0.9922565817832946], [-2.842171288270232e-14, -0.992256462574005, -0.12420611828565596]], "fy": 177.77776499100293, "fx": 177.77776499100293}, {"id": 101, "img_name": "r_101", "width": 128, "height": 128, "position": [-0.2511704862117767, 3.9921064376831055, 0.4999999999999999], "rotation": [[-0.9980267286300659, -0.007788465823978186, 0.06230773404240609], [-0.06279262900352477